1 4
9 4
65 4
68 4
69 6
70 4
78 4
86 4
91 6
92 4
118 6
119 4
127 4
171 4
182 4
221 4
230 4
239 4
251 6
252 4
256 4
264 4
293 6
294 4
299 8
300 6
301 4
306 6
307 4
325 4
330 4
332 10
333 8
334 6
335 4
354 4
370 6
371 4
379 6
380 4
396 4
443 4
451 4
475 12
476 10
477 8
478 6
479 4
488 4
497 4
503 4
510 8
510 4
511 6
512 4
514 4
521 4
553 6
554 4
556 6
557 4
585 4
586 4
594 4
605 4
614 4
619 4
631 4
658 4
667 4
671 4
733 4
746 4
764 8
765 6
766 4
787 4
788 10
789 8
790 6
791 4
796 4
814 4
833 4
837 4
852 4
856 4
891 6
892 4
906 4
926 4
943 4
946 4
957 4
